"The local systems on B with non-zero homology in degree", 1
[], 1
[1, 1], 1
[2, 2], 1
"The local systems on B with non-zero homology in degree", 2
[1, 1], 2
[2, 1, 1], 2
[2, 2], 2
[2, 2, 1, 1], 1
[3, 2, 1], 2
[3, 3], 1
[3, 2, 2, 1], 1
[4, 3, 1], 1
"The local systems on B with non-zero homology in degree", 3
[1, 1], 2
[1, 1, 1, 1], 1
[2, 1, 1], 5
[2, 2], 3
[2, 1, 1, 1, 1], 1
[2, 2, 1, 1], 5
[3, 1, 1, 1], 3
[2, 2, 2], 3
[3, 2, 1], 7
[3, 3], 4
[2, 2, 2, 1, 1], 2
[3, 2, 1, 1, 1], 3
[2, 2, 2, 2], 1
[3, 2, 2, 1], 6
[3, 3, 1, 1], 4
[4, 2, 1, 1], 4
[3, 3, 2], 4
[4, 2, 2], 2
[4, 3, 1], 6
[4, 4], 1
[3, 2, 2, 1, 1, 1], 1
[3, 2, 2, 2, 1], 2
[3, 3, 2, 1, 1], 2
[4, 2, 2, 1, 1], 2
[4, 3, 1, 1, 1], 2
[3, 3, 2, 2], 2
[4, 2, 2, 2], 2
[3, 3, 3, 1], 2
[4, 3, 2, 1], 4
[5, 2, 2, 1], 1
[4, 4, 1, 1], 2
[5, 3, 1, 1], 2
[4, 3, 3], 1
[4, 4, 2], 2
[5, 3, 2], 2
[5, 4, 1], 2
[4, 2, 2, 2, 1, 1], 1
[3, 3, 3, 1, 1, 1], 1
[3, 3, 2, 2, 2], 1
[4, 3, 2, 2, 1], 1
[4, 4, 2, 1, 1], 1
[5, 3, 2, 1, 1], 1
[4, 3, 3, 2], 1
[5, 3, 2, 2], 1
[4, 4, 3, 1], 1
[5, 4, 2, 1], 1
[6, 4, 1, 1], 1
[6, 3, 3], 1
[5, 5, 2], 1
"The local systems on B with non-zero homology in degree", 4
[1, 1], 2
[1, 1, 1, 1], 4
[2, 1, 1], 6
[2, 2], 6
[2, 1, 1, 1, 1], 6
[2, 2, 1, 1], 14
[3, 1, 1, 1], 9
[2, 2, 2], 9
[3, 2, 1], 16
[3, 3], 8
[2, 2, 1, 1, 1, 1], 4
[3, 1, 1, 1, 1, 1], 2
[2, 2, 2, 1, 1], 11
[3, 2, 1, 1, 1], 19
[4, 1, 1, 1, 1], 5
[2, 2, 2, 2], 8
[3, 2, 2, 1], 26
[3, 3, 1, 1], 23
[4, 2, 1, 1], 17
[3, 3, 2], 17
[4, 2, 2], 12
[4, 3, 1], 19
[4, 4], 6
[2, 2, 2, 1, 1, 1, 1], 1
[3, 2, 1, 1, 1, 1, 1], 1
[2, 2, 2, 2, 1, 1], 3
[3, 2, 2, 1, 1, 1], 12
[3, 3, 1, 1, 1, 1], 6
[4, 2, 1, 1, 1, 1], 7
[2, 2, 2, 2, 2], 3
[3, 2, 2, 2, 1], 18
[3, 3, 2, 1, 1], 25
[4, 2, 2, 1, 1], 21
[4, 3, 1, 1, 1], 22
[5, 2, 1, 1, 1], 7
[3, 3, 2, 2], 17
[4, 2, 2, 2], 16
[3, 3, 3, 1], 16
[4, 3, 2, 1], 40
[5, 2, 2, 1], 10
[4, 4, 1, 1], 17
[5, 3, 1, 1], 16
[4, 3, 3], 10
[4, 4, 2], 16
[5, 3, 2], 14
[5, 4, 1], 12
[5, 5], 2
[3, 2, 2, 2, 1, 1, 1], 3
[3, 3, 2, 1, 1, 1, 1], 3
[4, 2, 2, 1, 1, 1, 1], 3
[4, 3, 1, 1, 1, 1, 1], 1
[3, 2, 2, 2, 2, 1], 5
[3, 3, 2, 2, 1, 1], 10
[4, 2, 2, 2, 1, 1], 11
[3, 3, 3, 1, 1, 1], 7
[4, 3, 2, 1, 1, 1], 15
[5, 2, 2, 1, 1, 1], 6
[4, 4, 1, 1, 1, 1], 5
[5, 3, 1, 1, 1, 1], 5
[3, 3, 2, 2, 2], 8
[4, 2, 2, 2, 2], 7
[3, 3, 3, 2, 1], 12
[4, 3, 2, 2, 1], 27
[5, 2, 2, 2, 1], 9
[4, 3, 3, 1, 1], 18
[4, 4, 2, 1, 1], 20
[5, 3, 2, 1, 1], 22
[6, 2, 2, 1, 1], 2
[5, 4, 1, 1, 1], 12
[6, 3, 1, 1, 1], 5
[3, 3, 3, 3], 4
[4, 3, 3, 2], 17
[4, 4, 2, 2], 14
[5, 3, 2, 2], 17
[6, 2, 2, 2], 2
[4, 4, 3, 1], 17
[5, 3, 3, 1], 15
[5, 4, 2, 1], 24
[6, 3, 2, 1], 9
[5, 5, 1, 1], 7
[6, 4, 1, 1], 8
[4, 4, 4], 2
[5, 4, 3], 9
[6, 3, 3], 4
[5, 5, 2], 8
[6, 4, 2], 7
[6, 5, 1], 3
[4, 2, 2, 2, 1, 1, 1, 1], 1
[3, 3, 3, 1, 1, 1, 1, 1], 1
[3, 3, 2, 2, 2, 1, 1], 2
[4, 2, 2, 2, 2, 1, 1], 2
[3, 3, 3, 2, 1, 1, 1], 2
[4, 3, 2, 2, 1, 1, 1], 4
[5, 2, 2, 2, 1, 1, 1], 2
[4, 3, 3, 1, 1, 1, 1], 2
[4, 4, 2, 1, 1, 1, 1], 2
[5, 3, 2, 1, 1, 1, 1], 2
[3, 3, 2, 2, 2, 2], 1
[4, 2, 2, 2, 2, 2], 2
[3, 3, 3, 2, 2, 1], 4
[4, 3, 2, 2, 2, 1], 7
[5, 2, 2, 2, 2, 1], 3
[3, 3, 3, 3, 1, 1], 1
[4, 3, 3, 2, 1, 1], 9
[4, 4, 2, 2, 1, 1], 6
[5, 3, 2, 2, 1, 1], 9
[6, 2, 2, 2, 1, 1], 1
[4, 4, 3, 1, 1, 1], 6
[5, 3, 3, 1, 1, 1], 4
[5, 4, 2, 1, 1, 1], 7
[6, 3, 2, 1, 1, 1], 3
[5, 5, 1, 1, 1, 1], 1
[6, 4, 1, 1, 1, 1], 2
[3, 3, 3, 3, 2], 2
[4, 3, 3, 2, 2], 6
[4, 4, 2, 2, 2], 6
[5, 3, 2, 2, 2], 6
[6, 2, 2, 2, 2], 1
[4, 3, 3, 3, 1], 5
[4, 4, 3, 2, 1], 11
[5, 3, 3, 2, 1], 11
[5, 4, 2, 2, 1], 13
[6, 3, 2, 2, 1], 6
[4, 4, 4, 1, 1], 3
[5, 4, 3, 1, 1], 11
[6, 3, 3, 1, 1], 5
[5, 5, 2, 1, 1], 7
[6, 4, 2, 1, 1], 8
[7, 3, 2, 1, 1], 1
[6, 5, 1, 1, 1], 3
[7, 4, 1, 1, 1], 2
[4, 4, 3, 3], 3
[5, 3, 3, 3], 4
[4, 4, 4, 2], 4
[5, 4, 3, 2], 11
[6, 3, 3, 2], 4
[5, 5, 2, 2], 4
[6, 4, 2, 2], 7
[7, 3, 2, 2], 1
[5, 4, 4, 1], 4
[5, 5, 3, 1], 7
[6, 4, 3, 1], 7
[7, 3, 3, 1], 2
[6, 5, 2, 1], 7
[7, 4, 2, 1], 3
[6, 6, 1, 1], 1
[7, 5, 1, 1], 2
[5, 5, 4], 1
[6, 4, 4], 2
[6, 5, 3], 3
[7, 4, 3], 2
[6, 6, 2], 2
[7, 5, 2], 1
[5, 2, 2, 2, 2, 1, 1, 1], 1
[4, 3, 3, 2, 1, 1, 1, 1], 1
[4, 3, 2, 2, 2, 2, 1], 1
[3, 3, 3, 3, 2, 1, 1], 1
[4, 3, 3, 2, 2, 1, 1], 1
[4, 4, 2, 2, 2, 1, 1], 1
[5, 3, 2, 2, 2, 1, 1], 1
[4, 4, 3, 2, 1, 1, 1], 1
[5, 3, 3, 2, 1, 1, 1], 1
[5, 4, 2, 2, 1, 1, 1], 1
[6, 3, 2, 2, 1, 1, 1], 1
[5, 4, 3, 1, 1, 1, 1], 1
[4, 3, 3, 2, 2, 2], 1
[5, 3, 2, 2, 2, 2], 1
[4, 3, 3, 3, 2, 1], 1
[4, 4, 3, 2, 2, 1], 2
[5, 3, 3, 2, 2, 1], 2
[5, 4, 2, 2, 2, 1], 2
[6, 3, 2, 2, 2, 1], 1
[4, 4, 3, 3, 1, 1], 1
[5, 3, 3, 3, 1, 1], 1
[4, 4, 4, 2, 1, 1], 1
[5, 4, 3, 2, 1, 1], 3
[6, 3, 3, 2, 1, 1], 1
[5, 5, 2, 2, 1, 1], 1
[6, 4, 2, 2, 1, 1], 2
[5, 4, 4, 1, 1, 1], 1
[5, 5, 3, 1, 1, 1], 1
[6, 4, 3, 1, 1, 1], 1
[6, 5, 2, 1, 1, 1], 1
[7, 4, 2, 1, 1, 1], 1
[4, 4, 3, 3, 2], 1
[5, 3, 3, 3, 2], 1
[4, 4, 4, 2, 2], 1
[5, 4, 3, 2, 2], 2
[6, 3, 3, 2, 2], 1
[5, 5, 2, 2, 2], 2
[6, 4, 2, 2, 2], 1
[4, 4, 4, 3, 1], 1
[5, 4, 3, 3, 1], 2
[6, 3, 3, 3, 1], 1
[5, 4, 4, 2, 1], 2
[5, 5, 3, 2, 1], 2
[6, 4, 3, 2, 1], 3
[7, 3, 3, 2, 1], 1
[6, 5, 2, 2, 1], 2
[7, 4, 2, 2, 1], 1
[5, 5, 4, 1, 1], 1
[6, 4, 4, 1, 1], 1
[6, 5, 3, 1, 1], 2
[7, 4, 3, 1, 1], 1
[6, 6, 2, 1, 1], 1
[7, 5, 2, 1, 1], 1
[8, 5, 1, 1, 1], 1
[5, 4, 4, 3], 1
[5, 5, 3, 3], 1
[6, 4, 3, 3], 1
[5, 5, 4, 2], 1
[6, 4, 4, 2], 1
[6, 5, 3, 2], 2
[7, 4, 3, 2], 1
[7, 5, 2, 2], 1
[6, 5, 4, 1], 1
[6, 6, 3, 1], 1
[7, 5, 3, 1], 1
[8, 4, 3, 1], 1
[7, 6, 2, 1], 1
[7, 5, 4], 1
"The local systems on B with non-zero homology in degree", 5
[1, 1], 2
[1, 1, 1, 1], 7
[2, 1, 1], 7
[2, 2], 9
[1, 1, 1, 1, 1, 1], 2
[2, 1, 1, 1, 1], 16
[2, 2, 1, 1], 30
[3, 1, 1, 1], 15
[2, 2, 2], 15
[3, 2, 1], 30
[3, 3], 14
[2, 1, 1, 1, 1, 1, 1], 2
[2, 2, 1, 1, 1, 1], 21
[3, 1, 1, 1, 1, 1], 14
[2, 2, 2, 1, 1], 37
[3, 2, 1, 1, 1], 64
[4, 1, 1, 1, 1], 17
[2, 2, 2, 2], 26
[3, 2, 2, 1], 77
[3, 3, 1, 1], 67
[4, 2, 1, 1], 45
[3, 3, 2], 45
[4, 2, 2], 34
[4, 3, 1], 46
[4, 4], 17
[2, 2, 1, 1, 1, 1, 1, 1], 1
[2, 2, 2, 1, 1, 1, 1], 11
[3, 2, 1, 1, 1, 1, 1], 17
[4, 1, 1, 1, 1, 1, 1], 5
[2, 2, 2, 2, 1, 1], 25
[3, 2, 2, 1, 1, 1], 70
[3, 3, 1, 1, 1, 1], 47
[4, 2, 1, 1, 1, 1], 50
[5, 1, 1, 1, 1, 1], 7
[2, 2, 2, 2, 2], 16
[3, 2, 2, 2, 1], 88
[3, 3, 2, 1, 1], 129
[4, 2, 2, 1, 1], 110
[4, 3, 1, 1, 1], 108
[5, 2, 1, 1, 1], 36
[3, 3, 2, 2], 84
[4, 2, 2, 2], 67
[3, 3, 3, 1], 67
[4, 3, 2, 1], 177
[5, 2, 2, 1], 47
[4, 4, 1, 1], 73
[5, 3, 1, 1], 62
[4, 3, 3], 47
[4, 4, 2], 62
[5, 3, 2], 53
[5, 4, 1], 43
[5, 5], 10
[2, 2, 2, 2, 1, 1, 1, 1], 3
[3, 2, 2, 1, 1, 1, 1, 1], 7
[3, 3, 1, 1, 1, 1, 1, 1], 4
[4, 2, 1, 1, 1, 1, 1, 1], 3
[2, 2, 2, 2, 2, 1, 1], 6
[3, 2, 2, 2, 1, 1, 1], 35
[3, 3, 2, 1, 1, 1, 1], 41
[4, 2, 2, 1, 1, 1, 1], 42
[4, 3, 1, 1, 1, 1, 1], 30
[5, 2, 1, 1, 1, 1, 1], 14
[2, 2, 2, 2, 2, 2], 5
[3, 2, 2, 2, 2, 1], 48
[3, 3, 2, 2, 1, 1], 103
[4, 2, 2, 2, 1, 1], 92
[3, 3, 3, 1, 1, 1], 60
[4, 3, 2, 1, 1, 1], 162
[5, 2, 2, 1, 1, 1], 62
[4, 4, 1, 1, 1, 1], 55
[5, 3, 1, 1, 1, 1], 63
[6, 2, 1, 1, 1, 1], 12
[3, 3, 2, 2, 2], 61
[4, 2, 2, 2, 2], 60
[3, 3, 3, 2, 1], 106
[4, 3, 2, 2, 1], 224
[5, 2, 2, 2, 1], 80
[4, 3, 3, 1, 1], 161
[4, 4, 2, 1, 1], 164
[5, 3, 2, 1, 1], 188
[6, 2, 2, 1, 1], 25
[5, 4, 1, 1, 1], 96
[6, 3, 1, 1, 1], 39
[3, 3, 3, 3], 28
[4, 3, 3, 2], 130
[4, 4, 2, 2], 117
[5, 3, 2, 2], 124
[6, 2, 2, 2], 18
[4, 4, 3, 1], 124
[5, 3, 3, 1], 118
[5, 4, 2, 1], 175
[6, 3, 2, 1], 66
[5, 5, 1, 1], 50
[6, 4, 1, 1], 44
[4, 4, 4], 18
[5, 4, 3], 66
[6, 3, 3], 20
[5, 5, 2], 44
[6, 4, 2], 45
[6, 5, 1], 22
[6, 6], 3
[3, 2, 2, 2, 1, 1, 1, 1, 1], 1
[3, 3, 2, 1, 1, 1, 1, 1, 1], 1
[4, 2, 2, 1, 1, 1, 1, 1, 1], 1
[3, 2, 2, 2, 2, 1, 1, 1], 7
[3, 3, 2, 2, 1, 1, 1, 1], 14
[4, 2, 2, 2, 1, 1, 1, 1], 16
[3, 3, 3, 1, 1, 1, 1, 1], 9
[4, 3, 2, 1, 1, 1, 1, 1], 18
[5, 2, 2, 1, 1, 1, 1, 1], 8
[4, 4, 1, 1, 1, 1, 1, 1], 4
[5, 3, 1, 1, 1, 1, 1, 1], 4
[3, 2, 2, 2, 2, 2, 1], 11
[3, 3, 2, 2, 2, 1, 1], 38
[4, 2, 2, 2, 2, 1, 1], 38
[3, 3, 3, 2, 1, 1, 1], 42
[4, 3, 2, 2, 1, 1, 1], 89
[5, 2, 2, 2, 1, 1, 1], 39
[4, 3, 3, 1, 1, 1, 1], 54
[4, 4, 2, 1, 1, 1, 1], 51
[5, 3, 2, 1, 1, 1, 1], 63
[6, 2, 2, 1, 1, 1, 1], 12
[5, 4, 1, 1, 1, 1, 1], 24
[6, 3, 1, 1, 1, 1, 1], 13
[3, 3, 2, 2, 2, 2], 23
[4, 2, 2, 2, 2, 2], 25
[3, 3, 3, 2, 2, 1], 61
[4, 3, 2, 2, 2, 1], 122
[5, 2, 2, 2, 2, 1], 51
[3, 3, 3, 3, 1, 1], 35
[4, 3, 3, 2, 1, 1], 165
[4, 4, 2, 2, 1, 1], 129
[5, 3, 2, 2, 1, 1], 164
[6, 2, 2, 2, 1, 1], 31
[4, 4, 3, 1, 1, 1], 108
[5, 3, 3, 1, 1, 1], 108
[5, 4, 2, 1, 1, 1], 145
[6, 3, 2, 1, 1, 1], 74
[7, 2, 2, 1, 1, 1], 5
[5, 5, 1, 1, 1, 1], 32
[6, 4, 1, 1, 1, 1], 43
[7, 3, 1, 1, 1, 1], 9
[3, 3, 3, 3, 2], 30
[4, 3, 3, 2, 2], 110
[4, 4, 2, 2, 2], 86
[5, 3, 2, 2, 2], 103
[6, 2, 2, 2, 2], 19
[4, 3, 3, 3, 1], 90
[4, 4, 3, 2, 1], 193
[5, 3, 3, 2, 1], 196
[5, 4, 2, 2, 1], 212
[6, 3, 2, 2, 1], 108
[7, 2, 2, 2, 1], 7
[4, 4, 4, 1, 1], 57
[5, 4, 3, 1, 1], 196
[6, 3, 3, 1, 1], 85
[5, 5, 2, 1, 1], 109
[6, 4, 2, 1, 1], 137
[7, 3, 2, 1, 1], 28
[6, 5, 1, 1, 1], 47
[7, 4, 1, 1, 1], 23
[4, 4, 3, 3], 56
[5, 3, 3, 3], 55
[4, 4, 4, 2], 55
[5, 4, 3, 2], 171
[6, 3, 3, 2], 72
[5, 5, 2, 2], 73
[6, 4, 2, 2], 96
[7, 3, 2, 2], 19
[5, 4, 4, 1], 72
[5, 5, 3, 1], 96
[6, 4, 3, 1], 113
[7, 3, 3, 1], 23
[6, 5, 2, 1], 94
[7, 4, 2, 1], 41
[6, 6, 1, 1], 17
[7, 5, 1, 1], 19
[5, 5, 4], 19
[6, 4, 4], 23
[6, 5, 3], 41
[7, 4, 3], 19
[6, 6, 2], 19
[7, 5, 2], 17
[7, 6, 1], 5
[3, 3, 2, 2, 2, 1, 1, 1, 1], 1
[4, 2, 2, 2, 2, 1, 1, 1, 1], 3
[3, 3, 3, 2, 1, 1, 1, 1, 1], 3
[4, 3, 2, 2, 1, 1, 1, 1, 1], 4
[5, 2, 2, 2, 1, 1, 1, 1, 1], 3
[4, 3, 3, 1, 1, 1, 1, 1, 1], 3
[4, 4, 2, 1, 1, 1, 1, 1, 1], 1
[5, 3, 2, 1, 1, 1, 1, 1, 1], 1
[3, 3, 2, 2, 2, 2, 1, 1], 6
[4, 2, 2, 2, 2, 2, 1, 1], 6
[3, 3, 3, 2, 2, 1, 1, 1], 11
[4, 3, 2, 2, 2, 1, 1, 1], 22
[5, 2, 2, 2, 2, 1, 1, 1], 13
[3, 3, 3, 3, 1, 1, 1, 1], 6
[4, 3, 3, 2, 1, 1, 1, 1], 25
[4, 4, 2, 2, 1, 1, 1, 1], 18
[5, 3, 2, 2, 1, 1, 1, 1], 23
[6, 2, 2, 2, 1, 1, 1, 1], 6
[4, 4, 3, 1, 1, 1, 1, 1], 12
[5, 3, 3, 1, 1, 1, 1, 1], 13
[5, 4, 2, 1, 1, 1, 1, 1], 13
[6, 3, 2, 1, 1, 1, 1, 1], 7
[5, 5, 1, 1, 1, 1, 1, 1], 2
[6, 4, 1, 1, 1, 1, 1, 1], 1
[3, 3, 2, 2, 2, 2, 2], 3
[4, 2, 2, 2, 2, 2, 2], 5
[3, 3, 3, 2, 2, 2, 1], 15
[4, 3, 2, 2, 2, 2, 1], 32
[5, 2, 2, 2, 2, 2, 1], 15
[3, 3, 3, 3, 2, 1, 1], 18
[4, 3, 3, 2, 2, 1, 1], 64
[4, 4, 2, 2, 2, 1, 1], 43
[5, 3, 2, 2, 2, 1, 1], 61
[6, 2, 2, 2, 2, 1, 1], 13
[4, 3, 3, 3, 1, 1, 1], 32
[4, 4, 3, 2, 1, 1, 1], 68
[5, 3, 3, 2, 1, 1, 1], 71
[5, 4, 2, 2, 1, 1, 1], 71
[6, 3, 2, 2, 1, 1, 1], 42
[7, 2, 2, 2, 1, 1, 1], 3
[4, 4, 4, 1, 1, 1, 1], 18
[5, 4, 3, 1, 1, 1, 1], 56
[6, 3, 3, 1, 1, 1, 1], 22
[5, 5, 2, 1, 1, 1, 1], 25
[6, 4, 2, 1, 1, 1, 1], 37
[7, 3, 2, 1, 1, 1, 1], 9
[6, 5, 1, 1, 1, 1, 1], 9
[7, 4, 1, 1, 1, 1, 1], 6
[3, 3, 3, 3, 2, 2], 13
[4, 3, 3, 2, 2, 2], 39
[4, 4, 2, 2, 2, 2], 30
[5, 3, 2, 2, 2, 2], 38
[6, 2, 2, 2, 2, 2], 10
[3, 3, 3, 3, 3, 1], 8
[4, 3, 3, 3, 2, 1], 60
[4, 4, 3, 2, 2, 1], 98
[5, 3, 3, 2, 2, 1], 104
[5, 4, 2, 2, 2, 1], 100
[6, 3, 2, 2, 2, 1], 57
[7, 2, 2, 2, 2, 1], 5
[4, 4, 3, 3, 1, 1], 68
[5, 3, 3, 3, 1, 1], 64
[4, 4, 4, 2, 1, 1], 56
[5, 4, 3, 2, 1, 1], 179
[6, 3, 3, 2, 1, 1], 85
[5, 5, 2, 2, 1, 1], 73
[6, 4, 2, 2, 1, 1], 99
[7, 3, 2, 2, 1, 1], 27
[5, 4, 4, 1, 1, 1], 55
[5, 5, 3, 1, 1, 1], 64
[6, 4, 3, 1, 1, 1], 86
[7, 3, 3, 1, 1, 1], 20
[6, 5, 2, 1, 1, 1], 63
[7, 4, 2, 1, 1, 1], 38
[8, 3, 2, 1, 1, 1], 3
[6, 6, 1, 1, 1, 1], 11
[7, 5, 1, 1, 1, 1], 15
[8, 4, 1, 1, 1, 1], 5
[4, 3, 3, 3, 3], 15
[4, 4, 3, 3, 2], 53
[5, 3, 3, 3, 2], 56
[4, 4, 4, 2, 2], 44
[5, 4, 3, 2, 2], 123
[6, 3, 3, 2, 2], 55
[5, 5, 2, 2, 2], 47
[6, 4, 2, 2, 2], 68
[7, 3, 2, 2, 2], 17
[8, 2, 2, 2, 2], 1
[4, 4, 4, 3, 1], 43
[5, 4, 3, 3, 1], 111
[6, 3, 3, 3, 1], 51
[5, 4, 4, 2, 1], 108
[5, 5, 3, 2, 1], 123
[6, 4, 3, 2, 1], 164
[7, 3, 3, 2, 1], 41
[6, 5, 2, 2, 1], 94
[7, 4, 2, 2, 1], 56
[8, 3, 2, 2, 1], 5
[5, 5, 4, 1, 1], 53
[6, 4, 4, 1, 1], 55
[6, 5, 3, 1, 1], 99
[7, 4, 3, 1, 1], 56
[8, 3, 3, 1, 1], 8
[6, 6, 2, 1, 1], 36
[7, 5, 2, 1, 1], 51
[8, 4, 2, 1, 1], 12
[7, 6, 1, 1, 1], 12
[8, 5, 1, 1, 1], 9
[4, 4, 4, 4], 8
[5, 4, 4, 3], 42
[5, 5, 3, 3], 41
[6, 4, 3, 3], 49
[7, 3, 3, 3], 12
[5, 5, 4, 2], 49
[6, 4, 4, 2], 58
[6, 5, 3, 2], 85
[7, 4, 3, 2], 50
[8, 3, 3, 2], 5
[6, 6, 2, 2], 27
[7, 5, 2, 2], 35
[8, 4, 2, 2], 10
[5, 5, 5, 1], 12
[6, 5, 4, 1], 50
[7, 4, 4, 1], 24
[6, 6, 3, 1], 35
[7, 5, 3, 1], 48
[8, 4, 3, 1], 14
[7, 6, 2, 1], 26
[8, 5, 2, 1], 12
[7, 7, 1, 1], 3
[8, 6, 1, 1], 3
[6, 5, 5], 5
[6, 6, 4], 10
[7, 5, 4], 14
[8, 4, 4], 5
[7, 6, 3], 12
[8, 5, 3], 5
[7, 7, 2], 3
[8, 6, 2], 3
[5, 2, 2, 2, 2, 1, 1, 1, 1, 1], 1
[4, 3, 3, 2, 1, 1, 1, 1, 1, 1], 1
[4, 3, 2, 2, 2, 2, 1, 1, 1], 2
[5, 2, 2, 2, 2, 2, 1, 1, 1], 2
[3, 3, 3, 3, 2, 1, 1, 1, 1], 2
[4, 3, 3, 2, 2, 1, 1, 1, 1], 4
[4, 4, 2, 2, 2, 1, 1, 1, 1], 2
[5, 3, 2, 2, 2, 1, 1, 1, 1], 4
[6, 2, 2, 2, 2, 1, 1, 1, 1], 2
[4, 3, 3, 3, 1, 1, 1, 1, 1], 2
[4, 4, 3, 2, 1, 1, 1, 1, 1], 4
[5, 3, 3, 2, 1, 1, 1, 1, 1], 4
[5, 4, 2, 2, 1, 1, 1, 1, 1], 2
[6, 3, 2, 2, 1, 1, 1, 1, 1], 2
[5, 4, 3, 1, 1, 1, 1, 1, 1], 2
[3, 3, 3, 2, 2, 2, 2, 1], 1
[4, 3, 2, 2, 2, 2, 2, 1], 3
[5, 2, 2, 2, 2, 2, 2, 1], 2
[3, 3, 3, 3, 2, 2, 1, 1], 3
[4, 3, 3, 2, 2, 2, 1, 1], 10
[4, 4, 2, 2, 2, 2, 1, 1], 6
[5, 3, 2, 2, 2, 2, 1, 1], 10
[6, 2, 2, 2, 2, 2, 1, 1], 3
[3, 3, 3, 3, 3, 1, 1, 1], 2
[4, 3, 3, 3, 2, 1, 1, 1], 10
[4, 4, 3, 2, 2, 1, 1, 1], 15
[5, 3, 3, 2, 2, 1, 1, 1], 17
[5, 4, 2, 2, 2, 1, 1, 1], 14
[6, 3, 2, 2, 2, 1, 1, 1], 10
[7, 2, 2, 2, 2, 1, 1, 1], 1
[4, 4, 3, 3, 1, 1, 1, 1], 8
[5, 3, 3, 3, 1, 1, 1, 1], 8
[4, 4, 4, 2, 1, 1, 1, 1], 7
[5, 4, 3, 2, 1, 1, 1, 1], 20
[6, 3, 3, 2, 1, 1, 1, 1], 9
[5, 5, 2, 2, 1, 1, 1, 1], 6
[6, 4, 2, 2, 1, 1, 1, 1], 10
[7, 3, 2, 2, 1, 1, 1, 1], 3
[5, 4, 4, 1, 1, 1, 1, 1], 5
[5, 5, 3, 1, 1, 1, 1, 1], 5
[6, 4, 3, 1, 1, 1, 1, 1], 6
[7, 3, 3, 1, 1, 1, 1, 1], 1
[6, 5, 2, 1, 1, 1, 1, 1], 3
[7, 4, 2, 1, 1, 1, 1, 1], 2
[3, 3, 3, 3, 2, 2, 2], 2
[4, 3, 3, 2, 2, 2, 2], 6
[4, 4, 2, 2, 2, 2, 2], 5
[5, 3, 2, 2, 2, 2, 2], 6
[6, 2, 2, 2, 2, 2, 2], 1
[3, 3, 3, 3, 3, 2, 1], 3
[4, 3, 3, 3, 2, 2, 1], 14
[4, 4, 3, 2, 2, 2, 1], 20
[5, 3, 3, 2, 2, 2, 1], 23
[5, 4, 2, 2, 2, 2, 1], 20
[6, 3, 2, 2, 2, 2, 1], 13
[7, 2, 2, 2, 2, 2, 1], 1
[4, 3, 3, 3, 3, 1, 1], 8
[4, 4, 3, 3, 2, 1, 1], 25
[5, 3, 3, 3, 2, 1, 1], 24
[4, 4, 4, 2, 2, 1, 1], 17
[5, 4, 3, 2, 2, 1, 1], 52
[6, 3, 3, 2, 2, 1, 1], 25
[5, 5, 2, 2, 2, 1, 1], 19
[6, 4, 2, 2, 2, 1, 1], 27
[7, 3, 2, 2, 2, 1, 1], 8
[4, 4, 4, 3, 1, 1, 1], 12
[5, 4, 3, 3, 1, 1, 1], 30
[6, 3, 3, 3, 1, 1, 1], 14
[5, 4, 4, 2, 1, 1, 1], 29
[5, 5, 3, 2, 1, 1, 1], 30
[6, 4, 3, 2, 1, 1, 1], 42
[7, 3, 3, 2, 1, 1, 1], 10
[6, 5, 2, 2, 1, 1, 1], 21
[7, 4, 2, 2, 1, 1, 1], 15
[8, 3, 2, 2, 1, 1, 1], 1
[5, 5, 4, 1, 1, 1, 1], 11
[6, 4, 4, 1, 1, 1, 1], 12
[6, 5, 3, 1, 1, 1, 1], 18
[7, 4, 3, 1, 1, 1, 1], 10
[8, 3, 3, 1, 1, 1, 1], 1
[6, 6, 2, 1, 1, 1, 1], 6
[7, 5, 2, 1, 1, 1, 1], 9
[8, 4, 2, 1, 1, 1, 1], 3
[7, 6, 1, 1, 1, 1, 1], 1
[8, 5, 1, 1, 1, 1, 1], 2
[4, 3, 3, 3, 3, 2], 6
[4, 4, 3, 3, 2, 2], 16
[5, 3, 3, 3, 2, 2], 17
[4, 4, 4, 2, 2, 2], 11
[5, 4, 3, 2, 2, 2], 34
[6, 3, 3, 2, 2, 2], 16
[5, 5, 2, 2, 2, 2], 11
[6, 4, 2, 2, 2, 2], 18
[7, 3, 2, 2, 2, 2], 5
[4, 4, 3, 3, 3, 1], 12
[5, 3, 3, 3, 3, 1], 12
[4, 4, 4, 3, 2, 1], 24
[5, 4, 3, 3, 2, 1], 55
[6, 3, 3, 3, 2, 1], 26
[5, 4, 4, 2, 2, 1], 43
[5, 5, 3, 2, 2, 1], 46
[6, 4, 3, 2, 2, 1], 62
[7, 3, 3, 2, 2, 1], 16
[6, 5, 2, 2, 2, 1], 33
[7, 4, 2, 2, 2, 1], 20
[8, 3, 2, 2, 2, 1], 2
[4, 4, 4, 4, 1, 1], 6
[5, 4, 4, 3, 1, 1], 37
[5, 5, 3, 3, 1, 1], 32
[6, 4, 3, 3, 1, 1], 44
[7, 3, 3, 3, 1, 1], 11
[5, 5, 4, 2, 1, 1], 38
[6, 4, 4, 2, 1, 1], 43
[6, 5, 3, 2, 1, 1], 63
[7, 4, 3, 2, 1, 1], 40
[8, 3, 3, 2, 1, 1], 5
[6, 6, 2, 2, 1, 1], 17
[7, 5, 2, 2, 1, 1], 27
[8, 4, 2, 2, 1, 1], 8
[5, 5, 5, 1, 1, 1], 6
[6, 5, 4, 1, 1, 1], 26
[7, 4, 4, 1, 1, 1], 12
[6, 6, 3, 1, 1, 1], 17
[7, 5, 3, 1, 1, 1], 25
[8, 4, 3, 1, 1, 1], 9
[7, 6, 2, 1, 1, 1], 13
[8, 5, 2, 1, 1, 1], 9
[9, 4, 2, 1, 1, 1], 1
[7, 7, 1, 1, 1, 1], 1
[8, 6, 1, 1, 1, 1], 3
[9, 5, 1, 1, 1, 1], 2
[4, 4, 4, 3, 3], 6
[5, 4, 3, 3, 3], 14
[6, 3, 3, 3, 3], 6
[4, 4, 4, 4, 2], 6
[5, 4, 4, 3, 2], 32
[5, 5, 3, 3, 2], 28
[6, 4, 3, 3, 2], 37
[7, 3, 3, 3, 2], 10
[5, 5, 4, 2, 2], 27
[6, 4, 4, 2, 2], 31
[6, 5, 3, 2, 2], 45
[7, 4, 3, 2, 2], 28
[8, 3, 3, 2, 2], 4
[6, 6, 2, 2, 2], 13
[7, 5, 2, 2, 2], 17
[8, 4, 2, 2, 2], 5
[5, 4, 4, 4, 1], 13
[5, 5, 4, 3, 1], 32
[6, 4, 4, 3, 1], 36
[6, 5, 3, 3, 1], 42
[7, 4, 3, 3, 1], 27
[8, 3, 3, 3, 1], 4
[5, 5, 5, 2, 1], 14
[6, 5, 4, 2, 1], 53
[7, 4, 4, 2, 1], 28
[6, 6, 3, 2, 1], 33
[7, 5, 3, 2, 1], 49
[8, 4, 3, 2, 1], 17
[9, 3, 3, 2, 1], 1
[7, 6, 2, 2, 1], 19
[8, 5, 2, 2, 1], 13
[9, 4, 2, 2, 1], 1
[6, 5, 5, 1, 1], 11
[6, 6, 4, 1, 1], 16
[7, 5, 4, 1, 1], 23
[8, 4, 4, 1, 1], 7
[7, 6, 3, 1, 1], 22
[8, 5, 3, 1, 1], 14
[9, 4, 3, 1, 1], 3
[7, 7, 2, 1, 1], 6
[8, 6, 2, 1, 1], 9
[9, 5, 2, 1, 1], 3
[8, 7, 1, 1, 1], 1
[9, 6, 1, 1, 1], 2
[5, 5, 4, 4], 6
[6, 4, 4, 4], 6
[5, 5, 5, 3], 6
[6, 5, 4, 3], 23
[7, 4, 4, 3], 11
[6, 6, 3, 3], 10
[7, 5, 3, 3], 16
[8, 4, 3, 3], 5
[6, 5, 5, 2], 11
[6, 6, 4, 2], 16
[7, 5, 4, 2], 22
[8, 4, 4, 2], 7
[7, 6, 3, 2], 19
[8, 5, 3, 2], 13
[9, 4, 3, 2], 3
[7, 7, 2, 2], 4
[8, 6, 2, 2], 6
[9, 5, 2, 2], 1
[6, 6, 5, 1], 5
[7, 5, 5, 1], 7
[7, 6, 4, 1], 13
[8, 5, 4, 1], 9
[9, 4, 4, 1], 2
[7, 7, 3, 1], 6
[8, 6, 3, 1], 8
[9, 5, 3, 1], 3
[8, 7, 2, 1], 3
[9, 6, 2, 1], 1
[7, 6, 5], 3
[8, 5, 5], 2
[7, 7, 4], 1
[8, 6, 4], 3
[9, 5, 4], 1
[8, 7, 3], 1
[6, 2, 2, 2, 2, 2, 1, 1, 1, 1], 1
[5, 3, 3, 2, 2, 1, 1, 1, 1, 1], 1
[4, 4, 3, 3, 1, 1, 1, 1, 1, 1], 1
[5, 3, 2, 2, 2, 2, 2, 1, 1], 1
[4, 3, 3, 3, 2, 2, 1, 1, 1], 1
[4, 4, 3, 2, 2, 2, 1, 1, 1], 1
[5, 3, 3, 2, 2, 2, 1, 1, 1], 1
[5, 4, 2, 2, 2, 2, 1, 1, 1], 1
[6, 3, 2, 2, 2, 2, 1, 1, 1], 1
[4, 3, 3, 3, 3, 1, 1, 1, 1], 1
[4, 4, 3, 3, 2, 1, 1, 1, 1], 1
[5, 3, 3, 3, 2, 1, 1, 1, 1], 1
[4, 4, 4, 2, 2, 1, 1, 1, 1], 1
[5, 4, 3, 2, 2, 1, 1, 1, 1], 2
[6, 3, 3, 2, 2, 1, 1, 1, 1], 1
[6, 4, 2, 2, 2, 1, 1, 1, 1], 1
[7, 3, 2, 2, 2, 1, 1, 1, 1], 1
[5, 4, 3, 3, 1, 1, 1, 1, 1], 1
[6, 3, 3, 3, 1, 1, 1, 1, 1], 1
[5, 4, 4, 2, 1, 1, 1, 1, 1], 1
[5, 5, 3, 2, 1, 1, 1, 1, 1], 1
[6, 4, 3, 2, 1, 1, 1, 1, 1], 1
[4, 4, 2, 2, 2, 2, 2, 2], 1
[4, 3, 3, 3, 2, 2, 2, 1], 1
[4, 4, 3, 2, 2, 2, 2, 1], 1
[5, 3, 3, 2, 2, 2, 2, 1], 2
[5, 4, 2, 2, 2, 2, 2, 1], 1
[6, 3, 2, 2, 2, 2, 2, 1], 1
[3, 3, 3, 3, 3, 3, 1, 1], 1
[4, 3, 3, 3, 3, 2, 1, 1], 1
[4, 4, 3, 3, 2, 2, 1, 1], 3
[5, 3, 3, 3, 2, 2, 1, 1], 2
[4, 4, 4, 2, 2, 2, 1, 1], 1
[5, 4, 3, 2, 2, 2, 1, 1], 5
[6, 3, 3, 2, 2, 2, 1, 1], 3
[5, 5, 2, 2, 2, 2, 1, 1], 2
[6, 4, 2, 2, 2, 2, 1, 1], 2
[7, 3, 2, 2, 2, 2, 1, 1], 1
[4, 4, 3, 3, 3, 1, 1, 1], 1
[5, 3, 3, 3, 3, 1, 1, 1], 2
[4, 4, 4, 3, 2, 1, 1, 1], 2
[5, 4, 3, 3, 2, 1, 1, 1], 5
[6, 3, 3, 3, 2, 1, 1, 1], 2
[5, 4, 4, 2, 2, 1, 1, 1], 4
[5, 5, 3, 2, 2, 1, 1, 1], 3
[6, 4, 3, 2, 2, 1, 1, 1], 6
[7, 3, 3, 2, 2, 1, 1, 1], 1
[6, 5, 2, 2, 2, 1, 1, 1], 2
[7, 4, 2, 2, 2, 1, 1, 1], 2
[4, 4, 4, 4, 1, 1, 1, 1], 1
[5, 4, 4, 3, 1, 1, 1, 1], 2
[5, 5, 3, 3, 1, 1, 1, 1], 3
[6, 4, 3, 3, 1, 1, 1, 1], 2
[7, 3, 3, 3, 1, 1, 1, 1], 1
[5, 5, 4, 2, 1, 1, 1, 1], 2
[6, 4, 4, 2, 1, 1, 1, 1], 3
[6, 5, 3, 2, 1, 1, 1, 1], 3
[7, 4, 3, 2, 1, 1, 1, 1], 2
[6, 6, 2, 2, 1, 1, 1, 1], 1
[7, 5, 2, 2, 1, 1, 1, 1], 1
[8, 4, 2, 2, 1, 1, 1, 1], 1
[5, 5, 5, 1, 1, 1, 1, 1], 1
[6, 5, 4, 1, 1, 1, 1, 1], 1
[7, 5, 3, 1, 1, 1, 1, 1], 1
[4, 3, 3, 3, 3, 2, 2], 1
[4, 4, 3, 3, 2, 2, 2], 1
[5, 3, 3, 3, 2, 2, 2], 2
[4, 4, 4, 2, 2, 2, 2], 2
[5, 4, 3, 2, 2, 2, 2], 3
[6, 3, 3, 2, 2, 2, 2], 1
[5, 5, 2, 2, 2, 2, 2], 1
[6, 4, 2, 2, 2, 2, 2], 2
[4, 4, 3, 3, 3, 2, 1], 2
[5, 3, 3, 3, 3, 2, 1], 2
[4, 4, 4, 3, 2, 2, 1], 3
[5, 4, 3, 3, 2, 2, 1], 7
[6, 3, 3, 3, 2, 2, 1], 4
[5, 4, 4, 2, 2, 2, 1], 5
[5, 5, 3, 2, 2, 2, 1], 5
[6, 4, 3, 2, 2, 2, 1], 7
[7, 3, 3, 2, 2, 2, 1], 2
[6, 5, 2, 2, 2, 2, 1], 4
[7, 4, 2, 2, 2, 2, 1], 2
[4, 4, 4, 3, 3, 1, 1], 2
[5, 4, 3, 3, 3, 1, 1], 4
[6, 3, 3, 3, 3, 1, 1], 1
[4, 4, 4, 4, 2, 1, 1], 1
[5, 4, 4, 3, 2, 1, 1], 8
[5, 5, 3, 3, 2, 1, 1], 6
[6, 4, 3, 3, 2, 1, 1], 9
[7, 3, 3, 3, 2, 1, 1], 2
[5, 5, 4, 2, 2, 1, 1], 7
[6, 4, 4, 2, 2, 1, 1], 6
[6, 5, 3, 2, 2, 1, 1], 10
[7, 4, 3, 2, 2, 1, 1], 6
[8, 3, 3, 2, 2, 1, 1], 1
[6, 6, 2, 2, 2, 1, 1], 2
[7, 5, 2, 2, 2, 1, 1], 4
[8, 4, 2, 2, 2, 1, 1], 1
[5, 4, 4, 4, 1, 1, 1], 2
[5, 5, 4, 3, 1, 1, 1], 4
[6, 4, 4, 3, 1, 1, 1], 6
[6, 5, 3, 3, 1, 1, 1], 5
[7, 4, 3, 3, 1, 1, 1], 4
[5, 5, 5, 2, 1, 1, 1], 2
[6, 5, 4, 2, 1, 1, 1], 7
[7, 4, 4, 2, 1, 1, 1], 4
[6, 6, 3, 2, 1, 1, 1], 4
[7, 5, 3, 2, 1, 1, 1], 6
[8, 4, 3, 2, 1, 1, 1], 2
[7, 6, 2, 2, 1, 1, 1], 2
[8, 5, 2, 2, 1, 1, 1], 2
[6, 5, 5, 1, 1, 1, 1], 1
[6, 6, 4, 1, 1, 1, 1], 2
[7, 5, 4, 1, 1, 1, 1], 2
[8, 4, 4, 1, 1, 1, 1], 1
[7, 6, 3, 1, 1, 1, 1], 2
[8, 5, 3, 1, 1, 1, 1], 1
[8, 6, 2, 1, 1, 1, 1], 1
[9, 5, 2, 1, 1, 1, 1], 1
[4, 4, 3, 3, 3, 3], 1
[4, 4, 4, 3, 3, 2], 1
[5, 4, 3, 3, 3, 2], 3
[6, 3, 3, 3, 3, 2], 2
[4, 4, 4, 4, 2, 2], 2
[5, 4, 4, 3, 2, 2], 5
[5, 5, 3, 3, 2, 2], 6
[6, 4, 3, 3, 2, 2], 5
[7, 3, 3, 3, 2, 2], 2
[5, 5, 4, 2, 2, 2], 3
[6, 4, 4, 2, 2, 2], 6
[6, 5, 3, 2, 2, 2], 6
[7, 4, 3, 2, 2, 2], 4
[6, 6, 2, 2, 2, 2], 2
[7, 5, 2, 2, 2, 2], 2
[8, 4, 2, 2, 2, 2], 1
[4, 4, 4, 4, 3, 1], 1
[5, 4, 4, 3, 3, 1], 5
[5, 5, 3, 3, 3, 1], 2
[6, 4, 3, 3, 3, 1], 5
[7, 3, 3, 3, 3, 1], 1
[5, 4, 4, 4, 2, 1], 4
[5, 5, 4, 3, 2, 1], 9
[6, 4, 4, 3, 2, 1], 10
[6, 5, 3, 3, 2, 1], 11
[7, 4, 3, 3, 2, 1], 7
[8, 3, 3, 3, 2, 1], 1
[5, 5, 5, 2, 2, 1], 3
[6, 5, 4, 2, 2, 1], 11
[7, 4, 4, 2, 2, 1], 5
[6, 6, 3, 2, 2, 1], 6
[7, 5, 3, 2, 2, 1], 10
[8, 4, 3, 2, 2, 1], 3
[7, 6, 2, 2, 2, 1], 4
[8, 5, 2, 2, 2, 1], 2
[5, 5, 4, 4, 1, 1], 4
[6, 4, 4, 4, 1, 1], 2
[5, 5, 5, 3, 1, 1], 2
[6, 5, 4, 3, 1, 1], 10
[7, 4, 4, 3, 1, 1], 6
[6, 6, 3, 3, 1, 1], 6
[7, 5, 3, 3, 1, 1], 6
[8, 4, 3, 3, 1, 1], 3
[6, 5, 5, 2, 1, 1], 5
[6, 6, 4, 2, 1, 1], 5
[7, 5, 4, 2, 1, 1], 9
[8, 4, 4, 2, 1, 1], 2
[7, 6, 3, 2, 1, 1], 7
[8, 5, 3, 2, 1, 1], 6
[9, 4, 3, 2, 1, 1], 1
[7, 7, 2, 2, 1, 1], 2
[8, 6, 2, 2, 1, 1], 2
[9, 5, 2, 2, 1, 1], 1
[6, 6, 5, 1, 1, 1], 2
[7, 5, 5, 1, 1, 1], 1
[7, 6, 4, 1, 1, 1], 4
[8, 5, 4, 1, 1, 1], 2
[9, 4, 4, 1, 1, 1], 1
[7, 7, 3, 1, 1, 1], 1
[8, 6, 3, 1, 1, 1], 3
[9, 5, 3, 1, 1, 1], 1
[8, 7, 2, 1, 1, 1], 1
[9, 6, 2, 1, 1, 1], 1
[10, 6, 1, 1, 1, 1], 1
[4, 4, 4, 4, 4], 1
[5, 4, 4, 4, 3], 1
[5, 5, 4, 3, 3], 3
[6, 4, 4, 3, 3], 2
[6, 5, 3, 3, 3], 3
[7, 4, 3, 3, 3], 2
[8, 3, 3, 3, 3], 1
[5, 5, 4, 4, 2], 2
[6, 4, 4, 4, 2], 4
[5, 5, 5, 3, 2], 3
[6, 5, 4, 3, 2], 9
[7, 4, 4, 3, 2], 4
[6, 6, 3, 3, 2], 3
[7, 5, 3, 3, 2], 7
[8, 4, 3, 3, 2], 2
[6, 5, 5, 2, 2], 2
[6, 6, 4, 2, 2], 6
[7, 5, 4, 2, 2], 6
[8, 4, 4, 2, 2], 3
[7, 6, 3, 2, 2], 5
[8, 5, 3, 2, 2], 3
[9, 4, 3, 2, 2], 1
[7, 7, 2, 2, 2], 1
[8, 6, 2, 2, 2], 2
[5, 5, 5, 4, 1], 1
[6, 5, 4, 4, 1], 4
[7, 4, 4, 4, 1], 2
[6, 5, 5, 3, 1], 5
[6, 6, 4, 3, 1], 5
[7, 5, 4, 3, 1], 8
[8, 4, 4, 3, 1], 2
[7, 6, 3, 3, 1], 5
[8, 5, 3, 3, 1], 4
[9, 4, 3, 3, 1], 1
[6, 6, 5, 2, 1], 3
[7, 5, 5, 2, 1], 4
[7, 6, 4, 2, 1], 7
[8, 5, 4, 2, 1], 5
[9, 4, 4, 2, 1], 1
[7, 7, 3, 2, 1], 3
[8, 6, 3, 2, 1], 5
[9, 5, 3, 2, 1], 2
[8, 7, 2, 2, 1], 1
[9, 6, 2, 2, 1], 1
[7, 6, 5, 1, 1], 2
[8, 5, 5, 1, 1], 2
[7, 7, 4, 1, 1], 2
[8, 6, 4, 1, 1], 2
[9, 5, 4, 1, 1], 1
[8, 7, 3, 1, 1], 2
[9, 6, 3, 1, 1], 1
[10, 5, 3, 1, 1], 1
[9, 7, 2, 1, 1], 1
[5, 5, 5, 5], 1
[6, 5, 5, 4], 1
[6, 6, 4, 4], 2
[7, 5, 4, 4], 1
[8, 4, 4, 4], 1
[6, 6, 5, 3], 1
[7, 5, 5, 3], 2
[7, 6, 4, 3], 3
[8, 5, 4, 3], 2
[7, 7, 3, 3], 2
[8, 6, 3, 3], 1
[9, 5, 3, 3], 1
[6, 6, 6, 2], 1
[7, 6, 5, 2], 2
[8, 5, 5, 2], 1
[7, 7, 4, 2], 1
[8, 6, 4, 2], 3
[9, 5, 4, 2], 1
[10, 4, 4, 2], 1
[8, 7, 3, 2], 1
[9, 6, 3, 2], 1
[8, 8, 2, 2], 1
[7, 7, 5, 1], 1
[8, 6, 5, 1], 1
[9, 5, 5, 1], 1
[8, 7, 4, 1], 1
[9, 6, 4, 1], 1
[8, 6, 6], 1
